0000001
0000003
0000005
0000006
0000011
0000013
0000014
0000015
0000017
0000018
0000038
0000052
0000053
0000054
0000056
0000057
0000059
0000063
0000064
0000066
0000069
0000071
0000078
0000130
0000131
0000134
0000192
0000195
0000356
0000357
0000358
0000359
0000360
0000361
0000362
0000363
0000364
0000365
0000501
0001086
0002001
0002004
0002005
0002006
0002007
0002008
0002009
0002101
0002102
0002103
0002104
0002105
0002106
0002107
0002108
0002111
0002112
0002113
0002114
0002115
0002116
0002301
0100002
0100004
0100006
0100007
0100012
0100013
0100019
0100020
0100024
0100025
0100026
0100028
0100030
0100032
0100035
0100036
0100037
0100038
0100041
0100042
0100043
0100044
0100049
0100060
0100072
0100073
0100074
0100076
0100091
0100102
0100103
0100117
0100141
0100143
0100155
0100163
0100164
0100165
0100166
0100167
0100190
0100194
0100257
0100258
0100259
0100261
0100262
0100263
0100264
0100265
0100267
0100271
0100272
0100273
0100274
0100275
0100276
0100277
0100278
0100279
0100280
0100283
0100284
0100285
0100286
0100287
0100288
0100290
0100291
0100292
0100293
0100295
0100297
0100300
0100302
0100303
0100304
0100305
0100306
0100308
0100309
0100310
0100311
0100312
0100314
0100316
0100317
0100318
0100319
0100320
0100322
0100326
0100328
0100329
0100330
0100331
0100332
0100333
0100334
0100335
0100336
0100337
0100338
0100342
0100343
0100344
0100345
0100346
0100347
0100348
0100349
0100350
0100353
0100354
0100355
0100888
0100999
0101043
0101103
0101105
0101106
0101107
0101108
0101109
0101110
0101111
0101113
0102082
0102086
0102088
0102089
0102090
0102091
0102093
0102094
0102095
0102096
0102097
0102098
0102099
0102100
0102201
0102202
0102203
0102205
0102207
0102209
0102210
0200004
0200005
0200010
0200011
0200016
0200018
0200024
0200026
0200027
0200033
0200034
0200035
0200041
0200045
0200046
0200048
0200049
0200051
0200052
0200053
0200054
0200055
0200056
0200058
0200059
0200061
0200062
0200065
0200066
0200077
0200078
0200079
0200107
0200108
0200109
0200111
0200112
0200113
0200114
0200115
0200116
0200117
0200118
0200119
0200120
0200121
0200122
0200123
0200124
0200125
0200126
0200127
0200128
0200129
0200130
0200132
0200134
0200136
0200137
0200139
0200140
0200142
0200143
0200144
0200145
0200146
0200147
0200149
0200150
0200151
0200152
0200153
0200154
0200155
0200156
0200157
0200158
0200159
0200160
0200161
0200162
0200165
0200167
0200168
0200169
0200170
0200171
0200172
0200173
0200174
0200175
0200176
0200177
0200179
0200181
0200183
0200184
0200185
0200186
0200187
0200188
0200189
0200191
0200192
0200194
0200195
0200196
0200197
0200198
0200203
0200204
0200206
0200207
0200209
0200210
0200212
0200213
0200214
0200215
0200216
0200217
0200219
0200221
0200222
0200224
0200226
0200227
0200228
0200230
0200231
0200232
0200233
0200234
0200235
0200236
0200237
0200239
0200240
0200241
0200242
0200243
0200244
0200245
0200246
0200247
0200254
0200255
0200256
0200300
0200301
0200302
0200303
0200307
0200308
0200309
0200311
0200313
0200314
0200315
0200316
0200317
0200318
0200319
0200320
0200321
0200999
0201076
0201077
0201079
0201080
0201081
0201084
0201092
0201093
0201095
0201096
0201098
0201099
0201100
0201102
0202046
0202047
0202048
0202049
0202050
0202051
0202052
0202054
0202055
0202056
0202057
0202058
0202059
0202060
0202062
0202063
0202064
0202065
0202066
0202069
0202070
0202071
0202075
0202076
0202077
0202079
0202080
0202081
0300028
0300029
0300030
0300033
0300035
0300036
0300037
0300038
0300039
0300040
0300041
0300042
0300067
0300068
0300069
0300070
0300071
0300074
0300077
0300080
0300081
0300082
0300083
0300084
0300085
0300087
0300089
0300091
0300092
0300093
0300094
0300095
0300096
0300097
0300098
0300101
0300104
0300118
0300157
0300160
0300161
0300162
0300169
0300170
0300177
0300182
0300185
0300187
0300189
0300196
0300200
0300202
0300204
0300205
0301052
0301053
0301054
0301056
0301057
0301058
0301062
0301063
0301064
0301065
0301066
0301067
0301069
0301072
0301073
0301075
0301221
0301222
0301223
0301224
0302035
0302037
0302038
0302039
0302041
0302042
0309999
0400002
0400003
0400004
0400007
0400008
0400009
0400010
0400011
0400013
0400014
0400015
0400016
0400017
0400018
0400021
0400022
0400023
0400024
0400025
0400026
0400028
0400032
0400039
0400040
0400044
0400045
0400050
0400093
0400101
0400102
0400104
0400105
0400108
0400110
0400111
0400112
0400113
0400114
0400116
0400118
0400120
0400121
0400123
0400124
0400126
0400145
0400191
0401001
0401002
0401003
0401004
0401006
0401007
0401008
0401009
0401011
0401013
0401045
0401046
0401047
0401048
0401049
0401050
0401051
0401090
0401091
0401201
0401202
0401204
0401205
0401206
0401207
0401210
0401211
0401212
0401214
0401216
0401217
0401218
0401219
0401220
0402002
0402003
0402030
0402033
0402034
0500014
0500021
0500044
0500045
0500046
0500047
0500048
0500049
0500050
0500051
0500052
0500053
0500054
0500055
0500056
0500057
0500058
0500060
0500061
0500062
0500063
0500064
0500065
0500066
0500067
0500071
0500072
0500073
0500074
0500075
0500077
0500079
0500080
0500082
0500083
0500084
0500085
0500086
0500087
0500088
0500090
0500092
0500093
0500094
0500095
0500098
0500099
0500100
0500101
0500102
0500103
0500105
0500106
0500107
0500108
0500109
0500110
0500111
0500112
0500113
0500114
0500115
0500116
0500121
0500122
0500123
0500124
0500126
0500127
0500128
0500129
0500130
0500131
0500132
0500133
0500134
0500135
0500136
0500137
0500138
0500139
0500140
0500141
0500142
0500143
0500144
0500146
0500147
0500148
0500150
0500154
0500155
0500156
0500160
0500161
0500168
0500174
0500178
0500186
0500197
0500198
0500999
0501014
0501015
0501016
0501017
0501018
0501020
0501021
0501022
0501024
0501025
0501027
0501028
0501029
0501031
0501032
0501034
0501035
0501037
0501038
0501039
0501041
0501042
0502025
0502026
0502029
0502032
0502043
0502044
0502045
